# lo hi selected others
  13.29140   17.27487    0.01648    0.00147
  17.27487   17.39329    0.62216    0.00463
  17.39329   18.59061    0.05302    0.00906
  18.59061   19.18252    0.12485    0.03029
  19.18252   19.44146    0.25459    0.05196
  19.44146   19.45530    5.29479    0.06132
  19.45530   19.49335    3.61300    0.06364
  19.49335   19.68024    0.00000    0.06926
  19.68024   19.91530    0.31462    0.08383
  19.91530   20.04124    0.84516    0.09430
  20.04124   20.23870    0.00000    0.10839
  20.23870   20.45787    0.60147    0.12032
  20.45787   21.41769    0.06945    0.16056
  21.41769   23.84790    0.02786    0.28874
