# lo hi selected others
  10.76000   19.29430    0.00854    0.00209
  19.29430   20.30903    0.08661    0.01593
  20.30903   20.42080    0.70074    0.02451
  20.42080   20.96310    0.11060    0.02917
  20.96310   21.43621    0.18506    0.04158
  21.43621   21.92669    0.13980    0.05921
  21.92669   22.22057    0.29639    0.08050
  22.22057   22.42597    0.00000    0.08996
  22.42597   22.47631    1.44769    0.10285
  22.47631   23.84825    0.06924    0.17277
  23.84825   24.16557    0.27666    0.27939
  24.16557   25.64869    0.00003    0.30348
  25.64869   26.04274    0.29005    0.13663
  26.04274   26.65000    0.14441    0.03591
