     0         -31543.,-2298., 5922., -677., 2905.,-1061.,  924., 1121., 1900
     1           1022.,-1469., -330., 1256.,    3.,  572.,  523.,  876., 1900
     2            628.,  195.,  660.,  -69., -361., -210.,  134.,  -75., 1900
     3           -184.,  328., -210.,  264.,   53.,    5.,  -33.,  -86., 1900
     4           -124.,  -16.,    3.,   63.,   61.,   -9.,  -11.,   83., 1900
     5           -217.,    2.,  -58.,  -35.,   59.,   36.,  -90.,  -69., 1900
     6             70.,  -55.,  -45.,    0.,  -13.,   34.,  -10.,  -41., 1900
     7             -1.,  -21.,   28.,   18.,  -12.,    6.,  -22.,   11., 1900
     8              8.,    8.,   -4.,  -14.,   -9.,    7.,    1.,  -13., 1900
     9              2.,    5.,   -9.,   16.,    5.,   -5.,    8.,  -18., 1900
     a              8.,   10.,  -20.,    1.,   14.,  -11.,    5.,   12., 1900
     b             -3.,    1.,   -2.,   -2.,    8.,    2.,   10.,   -1., 1900
     c             -2.,   -1.,    2.,   -3.,   -4.,    2.,    2.,    1., 1900
     d             -5.,    2.,   -2.,    6.,    6.,   -4.,    4.,    0., 1900
     e              0.,   -2.,    2.,    4.,    2.,    0.,    0.,   -6., 1900
     0         -31464.,-2298., 5909., -728., 2928.,-1086., 1041., 1065., 1905
     1           1037.,-1494., -357., 1239.,   34.,  635.,  480.,  880., 1905
     2            643.,  203.,  653.,  -77., -380., -201.,  146.,  -65., 1905
     3           -192.,  328., -193.,  259.,   56.,   -1.,  -32.,  -93., 1905
     4           -125.,  -26.,   11.,   62.,   60.,   -7.,  -11.,   86., 1905
     5           -221.,    4.,  -57.,  -32.,   57.,   32.,  -92.,  -67., 1905
     6             70.,  -54.,  -46.,    0.,  -14.,   33.,  -11.,  -41., 1905
     7              0.,  -20.,   28.,   18.,  -12.,    6.,  -22.,   11., 1905
     8              8.,    8.,   -4.,  -15.,   -9.,    7.,    1.,  -13., 1905
     9              2.,    5.,   -8.,   16.,    5.,   -5.,    8.,  -18., 1905
     a              8.,   10.,  -20.,    1.,   14.,  -11.,    5.,   12., 1905
     b             -3.,    1.,   -2.,   -2.,    8.,    2.,   10.,    0., 1905
     c             -2.,   -1.,    2.,   -3.,   -4.,    2.,    2.,    1., 1905
     d             -5.,    2.,   -2.,    6.,    6.,   -4.,    4.,    0., 1905
     e              0.,   -2.,    2.,    4.,    2.,    0.,    0.,   -6., 1905
     0         -31354.,-2297., 5898., -769., 2948.,-1128., 1176., 1000., 1910
     1           1058.,-1524., -389., 1223.,   62.,  705.,  425.,  884., 1910
     2            660.,  211.,  644.,  -90., -400., -189.,  160.,  -55., 1910
     3           -201.,  327., -172.,  253.,   57.,   -9.,  -33., -102., 1910
     4           -126.,  -38.,   21.,   62.,   58.,   -5.,  -11.,   89., 1910
     5           -224.,    5.,  -54.,  -29.,   54.,   28.,  -95.,  -65., 1910
     6             71.,  -54.,  -47.,    1.,  -14.,   32.,  -12.,  -40., 1910
     7              1.,  -19.,   28.,   18.,  -13.,    6.,  -22.,   11., 1910
     8              8.,    8.,   -4.,  -15.,   -9.,    6.,    1.,  -13., 1910
     9              2.,    5.,   -8.,   16.,    5.,   -5.,    8.,  -18., 1910
     a              8.,   10.,  -20.,    1.,   14.,  -11.,    5.,   12., 1910
     b             -3.,    1.,   -2.,   -2.,    8.,    2.,   10.,    0., 1910
     c             -2.,   -1.,    2.,   -3.,   -4.,    2.,    2.,    1., 1910
     d             -5.,    2.,   -2.,    6.,    6.,   -4.,    4.,    0., 1910
     e              0.,   -2.,    2.,    4.,    2.,    0.,    0.,   -6., 1910
     0         -31212.,-2306., 5875., -802., 2956.,-1191., 1309.,  917., 1915
     1           1084.,-1559., -421., 1212.,   84.,  778.,  360.,  887., 1915
     2            678.,  218.,  631., -109., -416., -173.,  178.,  -51., 1915
     3           -211.,  327., -148.,  245.,   58.,  -16.,  -34., -111., 1915
     4           -126.,  -51.,   32.,   61.,   57.,   -2.,  -10.,   93., 1915
     5           -228.,    8.,  -51.,  -26.,   49.,   23.,  -98.,  -62., 1915
     6             72.,  -54.,  -48.,    2.,  -14.,   31.,  -12.,  -38., 1915
     7              2.,  -18.,   28.,   19.,  -15.,    6.,  -22.,   11., 1915
     8              8.,    8.,   -4.,  -15.,   -9.,    6.,    2.,  -13., 1915
     9              3.,    5.,   -8.,   16.,    6.,   -5.,    8.,  -18., 1915
     a              8.,   10.,  -20.,    1.,   14.,  -11.,    5.,   12., 1915
     b             -3.,    1.,   -2.,   -2.,    8.,    2.,   10.,    0., 1915
     c             -2.,   -1.,    2.,   -3.,   -4.,    2.,    2.,    1., 1915
     d             -5.,    2.,   -2.,    6.,    6.,   -4.,    4.,    0., 1915
     e              0.,   -2.,    1.,    4.,    2.,    0.,    0.,   -6., 1915
     0         -31060.,-2317., 5845., -839., 2959.,-1259., 1407.,  823., 1920
     1           1111.,-1600., -445., 1205.,  103.,  839.,  293.,  889., 1920
     2            695.,  220.,  616., -134., -424., -153.,  199.,  -57., 1920
     3           -221.,  326., -122.,  236.,   58.,  -23.,  -38., -119., 1920
     4           -125.,  -62.,   43.,   61.,   55.,    0.,  -10.,   96., 1920
     5           -233.,   11.,  -46.,  -22.,   44.,   18., -101.,  -57., 1920
     6             73.,  -54.,  -49.,    2.,  -14.,   29.,  -13.,  -37., 1920
     7              4.,  -16.,   28.,   19.,  -16.,    6.,  -22.,   11., 1920
     8              7.,    8.,   -3.,  -15.,   -9.,    6.,    2.,  -14., 1920
     9              4.,    5.,   -7.,   17.,    6.,   -5.,    8.,  -19., 1920
     a              8.,   10.,  -20.,    1.,   14.,  -11.,    5.,   12., 1920
     b             -3.,    1.,   -2.,   -2.,    9.,    2.,   10.,    0., 1920
     c             -2.,   -1.,    2.,   -3.,   -4.,    2.,    2.,    1., 1920
     d             -5.,    2.,   -2.,    6.,    6.,   -4.,    4.,    0., 1920
     e              0.,   -2.,    1.,    4.,    3.,    0.,    0.,   -6., 1920
     0         -30926.,-2318., 5817., -893., 2969.,-1334., 1471.,  728., 1925
     1           1140.,-1645., -462., 1202.,  119.,  881.,  229.,  891., 1925
     2            711.,  216.,  601., -163., -426., -130.,  217.,  -70., 1925
     3           -230.,  326.,  -96.,  226.,   58.,  -28.,  -44., -125., 1925
     4           -122.,  -69.,   51.,   61.,   54.,    3.,   -9.,   99., 1925
     5           -238.,   14.,  -40.,  -18.,   39.,   13., -103.,  -52., 1925
     6             73.,  -54.,  -50.,    3.,  -14.,   27.,  -14.,  -35., 1925
     7              5.,  -14.,   29.,   19.,  -17.,    6.,  -21.,   11., 1925
     8              7.,    8.,   -3.,  -15.,   -9.,    6.,    2.,  -14., 1925
     9              4.,    5.,   -7.,   17.,    7.,   -5.,    8.,  -19., 1925
     a              8.,   10.,  -20.,    1.,   14.,  -11.,    5.,   12., 1925
     b             -3.,    1.,   -2.,   -2.,    9.,    2.,   10.,    0., 1925
     c             -2.,   -1.,    2.,   -3.,   -4.,    2.,    2.,    1., 1925
     d             -5.,    2.,   -2.,    6.,    6.,   -4.,    4.,    0., 1925
     e              0.,   -2.,    1.,    4.,    3.,    0.,    0.,   -6., 1925
     0         -30805.,-2316., 5808., -951., 2980.,-1424., 1517.,  644., 1930
     1           1172.,-1692., -480., 1205.,  133.,  907.,  166.,  896., 1930
     2            727.,  205.,  584., -195., -422., -109.,  234.,  -90., 1930
     3           -237.,  327.,  -72.,  218.,   60.,  -32.,  -53., -131., 1930
     4           -118.,  -74.,   58.,   60.,   53.,    4.,   -9.,  102., 1930
     5           -242.,   19.,  -32.,  -16.,   32.,    8., -104.,  -46., 1930
     6             74.,  -54.,  -51.,    4.,  -15.,   25.,  -14.,  -34., 1930
     7              6.,  -12.,   29.,   18.,  -18.,    6.,  -20.,   11., 1930
     8              7.,    8.,   -3.,  -15.,   -9.,    5.,    2.,  -14., 1930
     9              5.,    5.,   -6.,   18.,    8.,   -5.,    8.,  -19., 1930
     a              8.,   10.,  -20.,    1.,   14.,  -12.,    5.,   12., 1930
     b             -3.,    1.,   -2.,   -2.,    9.,    3.,   10.,    0., 1930
     c             -2.,   -2.,    2.,   -3.,   -4.,    2.,    2.,    1., 1930
     d             -5.,    2.,   -2.,    6.,    6.,   -4.,    4.,    0., 1930
     e              0.,   -2.,    1.,    4.,    3.,    0.,    0.,   -6., 1930
     0         -30715.,-2306., 5812.,-1018., 2984.,-1520., 1550.,  586., 1935
     1           1206.,-1740., -494., 1215.,  146.,  918.,  101.,  903., 1935
     2            744.,  188.,  565., -226., -415.,  -90.,  249., -114., 1935
     3           -241.,  329.,  -51.,  211.,   64.,  -33.,  -64., -136., 1935
     4           -115.,  -76.,   64.,   59.,   53.,    4.,   -8.,  104., 1935
     5           -246.,   25.,  -25.,  -15.,   25.,    4., -106.,  -40., 1935
     6             74.,  -53.,  -52.,    4.,  -17.,   23.,  -14.,  -33., 1935
     7              7.,  -11.,   29.,   18.,  -19.,    6.,  -19.,   11., 1935
     8              7.,    8.,   -3.,  -15.,   -9.,    5.,    1.,  -15., 1935
     9              6.,    5.,   -6.,   18.,    8.,   -5.,    7.,  -19., 1935
     a              8.,   10.,  -20.,    1.,   15.,  -12.,    5.,   11., 1935
     b             -3.,    1.,   -3.,   -2.,    9.,    3.,   11.,    0., 1935
     c             -2.,   -2.,    2.,   -3.,   -4.,    2.,    2.,    1., 1935
     d             -5.,    2.,   -2.,    6.,    6.,   -4.,    4.,    0., 1935
     e              0.,   -1.,    2.,    4.,    3.,    0.,    0.,   -6., 1935
     0         -30654.,-2292., 5821.,-1106., 2981.,-1614., 1566.,  528., 1940
     1           1240.,-1790., -499., 1232.,  163.,  916.,   43.,  914., 1940
     2            762.,  169.,  550., -252., -405.,  -72.,  265., -141., 1940
     3           -241.,  334.,  -33.,  208.,   71.,  -33.,  -75., -141., 1940
     4           -113.,  -76.,   69.,   57.,   54.,    4.,   -7.,  105., 1940
     5           -249.,   33.,  -18.,  -15.,   18.,    0., -107.,  -33., 1940
     6             74.,  -53.,  -52.,    4.,  -18.,   20.,  -14.,  -31., 1940
     7              7.,   -9.,   29.,   17.,  -20.,    5.,  -19.,   11., 1940
     8              7.,    8.,   -3.,  -14.,  -10.,    5.,    1.,  -15., 1940
     9              6.,    5.,   -5.,   19.,    9.,   -5.,    7.,  -19., 1940
     a              8.,   10.,  -21.,    1.,   15.,  -12.,    5.,   11., 1940
     b             -3.,    1.,   -3.,   -2.,    9.,    3.,   11.,    1., 1940
     c             -2.,   -2.,    2.,   -3.,   -4.,    2.,    2.,    1., 1940
     d             -5.,    2.,   -2.,    6.,    6.,   -4.,    4.,    0., 1940
     e              0.,   -1.,    2.,    4.,    3.,    0.,    0.,   -6., 1940
     0         -30594.,-2285., 5810.,-1244., 2990.,-1702., 1578.,  477., 1945
     1           1282.,-1834., -499., 1255.,  186.,  913.,  -11.,  944., 1945
     2            776.,  144.,  544., -276., -421.,  -55.,  304., -178., 1945
     3           -253.,  346.,  -12.,  194.,   95.,  -20.,  -67., -142., 1945
     4           -119.,  -82.,   82.,   59.,   57.,    6.,    6.,  100., 1945
     5           -246.,   16.,  -25.,   -9.,   21.,  -16., -104.,  -39., 1945
     6             70.,  -40.,  -45.,    0.,  -18.,    0.,    2.,  -29., 1945
     7              6.,  -10.,   28.,   15.,  -17.,   29.,  -22.,   13., 1945
     8              7.,   12.,   -8.,  -21.,   -5.,  -12.,    9.,   -7., 1945
     9              7.,    2.,  -10.,   18.,    7.,    3.,    2.,  -11., 1945
     a              5.,  -21.,  -27.,    1.,   17.,  -11.,   29.,    3., 1945
     b             -9.,   16.,    4.,   -3.,    9.,   -4.,    6.,   -3., 1945
     c              1.,   -4.,    8.,   -3.,   11.,    5.,    1.,    1., 1945
     d              2.,  -20.,   -5.,   -1.,   -1.,   -6.,    8.,    6., 1945
     e             -1.,   -4.,   -3.,   -2.,    5.,    0.,   -2.,   -2., 1945
     0         -30554.,-2250., 5815.,-1341., 2998.,-1810., 1576.,  381., 1950
     1           1297.,-1889., -476., 1274.,  206.,  896.,  -46.,  954., 1950
     2            792.,  136.,  528., -278., -408.,  -37.,  303., -210., 1950
     3           -240.,  349.,    3.,  211.,  103.,  -20.,  -87., -147., 1950
     4           -122.,  -76.,   80.,   54.,   57.,   -1.,    4.,   99., 1950
     5           -247.,   33.,  -16.,  -12.,   12.,  -12., -105.,  -30., 1950
     6             65.,  -55.,  -35.,    2.,  -17.,    1.,    0.,  -40., 1950
     7             10.,   -7.,   36.,    5.,  -18.,   19.,  -16.,   22., 1950
     8             15.,    5.,   -4.,  -22.,   -1.,    0.,   11.,  -21., 1950
     9             15.,   -8.,  -13.,   17.,    5.,   -4.,   -1.,  -17., 1950
     a              3.,   -7.,  -24.,   -1.,   19.,  -25.,   12.,   10., 1950
     b              2.,    5.,    2.,   -5.,    8.,   -2.,    8.,    3., 1950
     c            -11.,    8.,   -7.,   -8.,    4.,   13.,   -1.,   -2., 1950
     d             13.,  -10.,   -4.,    2.,    4.,   -3.,   12.,    6., 1950
     e              3.,   -3.,    2.,    6.,   10.,   11.,    3.,    8., 1950
     0         -30500.,-2215., 5820.,-1440., 3003.,-1898., 1581.,  291., 1955
     1           1302.,-1944., -462., 1288.,  216.,  882.,  -83.,  958., 1955
     2            796.,  133.,  510., -274., -397.,  -23.,  290., -230., 1955
     3           -229.,  360.,   15.,  230.,  110.,  -23.,  -98., -152., 1955
     4           -121.,  -69.,   78.,   47.,   57.,   -9.,    3.,   96., 1955
     5           -247.,   48.,   -8.,  -16.,    7.,  -12., -107.,  -24., 1955
     6             65.,  -56.,  -50.,    2.,  -24.,   10.,   -4.,  -32., 1955
     7              8.,  -11.,   28.,    9.,  -20.,   18.,  -18.,   11., 1955
     8              9.,   10.,   -6.,  -15.,  -14.,    5.,    6.,  -23., 1955
     9             10.,    3.,   -7.,   23.,    6.,   -4.,    9.,  -13., 1955
     a              4.,    9.,  -11.,   -4.,   12.,   -5.,    7.,    2., 1955
     b              6.,    4.,   -2.,    1.,   10.,    2.,    7.,    2., 1955
     c             -6.,    5.,    5.,   -3.,   -5.,   -4.,   -1.,    0., 1955
     d              2.,   -8.,   -3.,   -2.,    7.,   -4.,    4.,    1., 1955
     e             -2.,   -3.,    6.,    7.,   -2.,   -1.,    0.,   -3., 1955
     0         -30421.,-2169., 5791.,-1555., 3002.,-1967., 1590.,  206., 1960
     1           1302.,-1992., -414., 1289.,  224.,  878., -130.,  957., 1960
     2            800.,  135.,  504., -278., -394.,    3.,  269., -255., 1960
     3           -222.,  362.,   16.,  242.,  125.,  -26., -117., -156., 1960
     4           -114.,  -63.,   81.,   46.,   58.,  -10.,    1.,   99., 1960
     5           -237.,   60.,   -1.,  -20.,   -2.,  -11., -113.,  -17., 1960
     6             67.,  -56.,  -55.,    5.,  -28.,   15.,   -6.,  -32., 1960
     7              7.,   -7.,   23.,   17.,  -18.,    8.,  -17.,   15., 1960
     8              6.,   11.,   -4.,  -14.,  -11.,    7.,    2.,  -18., 1960
     9             10.,    4.,   -5.,   23.,   10.,    1.,    8.,  -20., 1960
     a              4.,    6.,  -18.,    0.,   12.,   -9.,    2.,    1., 1960
     b              0.,    4.,   -3.,   -1.,    9.,   -2.,    8.,    3., 1960
     c              0.,   -1.,    5.,    1.,   -3.,    4.,    4.,    1., 1960
     d              0.,    0.,   -1.,    2.,    4.,   -5.,    6.,    1., 1960
     e              1.,   -1.,   -1.,    6.,    2.,    0.,    0.,   -7., 1960
     0         -30334.,-2119., 5776.,-1662., 2997.,-2016., 1594.,  114., 1965
     1           1297.,-2038., -404., 1292.,  240.,  856., -165.,  957., 1965
     2            804.,  148.,  479., -269., -390.,   13.,  252., -269., 1965
     3           -219.,  358.,   19.,  254.,  128.,  -31., -126., -157., 1965
     4            -97.,  -62.,   81.,   45.,   61.,  -11.,    8.,  100., 1965
     5           -228.,   68.,    4.,  -32.,    1.,   -8., -111.,   -7., 1965
     6             75.,  -57.,  -61.,    4.,  -27.,   13.,   -2.,  -26., 1965
     7              6.,   -6.,   26.,   13.,  -23.,    1.,  -12.,   13., 1965
     8              5.,    7.,   -4.,  -12.,  -14.,    9.,    0.,  -16., 1965
     9              8.,    4.,   -1.,   24.,   11.,   -3.,    4.,  -17., 1965
     a              8.,   10.,  -22.,    2.,   15.,  -13.,    7.,   10., 1965
     b             -4.,   -1.,   -5.,   -1.,   10.,    5.,   10.,    1., 1965
     c             -4.,   -2.,    1.,   -2.,   -3.,    2.,    2.,    1., 1965
     d             -5.,    2.,   -2.,    6.,    4.,   -4.,    4.,    0., 1965
     e              0.,   -2.,    2.,    3.,    2.,    0.,    0.,   -6., 1965
     0         -30220.,-2068., 5737.,-1781., 3000.,-2047., 1611.,   25., 1970
     1           1287.,-2091., -366., 1278.,  251.,  838., -196.,  952., 1970
     2            800.,  167.,  461., -266., -395.,   26.,  234., -279., 1970
     3           -216.,  359.,   26.,  262.,  139.,  -42., -139., -160., 1970
     4            -91.,  -56.,   83.,   43.,   64.,  -12.,   15.,  100., 1970
     5           -212.,   72.,    2.,  -37.,    3.,   -6., -112.,    1., 1970
     6             72.,  -57.,  -70.,    1.,  -27.,   14.,   -4.,  -22., 1970
     7              8.,   -2.,   23.,   13.,  -23.,   -2.,  -11.,   14., 1970
     8              6.,    7.,   -2.,  -15.,  -13.,    6.,   -3.,  -17., 1970
     9              5.,    6.,    0.,   21.,   11.,   -6.,    3.,  -16., 1970
     a              8.,   10.,  -21.,    2.,   16.,  -12.,    6.,   10., 1970
     b             -4.,   -1.,   -5.,    0.,   10.,    3.,   11.,    1., 1970
     c             -2.,   -1.,    1.,   -3.,   -3.,    1.,    2.,    1., 1970
     d             -5.,    3.,   -1.,    4.,    6.,   -4.,    4.,    0., 1970
     e              1.,   -1.,    0.,    3.,    3.,    1.,   -1.,   -4., 1970
     0         -30100.,-2013., 5675.,-1902., 3010.,-2067., 1632.,  -68., 1975
     1           1276.,-2144., -333., 1260.,  262.,  830., -223.,  946., 1975
     2            791.,  191.,  438., -265., -405.,   39.,  216., -288., 1975
     3           -218.,  356.,   31.,  264.,  148.,  -59., -152., -159., 1975
     4            -83.,  -49.,   88.,   45.,   66.,  -13.,   28.,   99., 1975
     5           -198.,   75.,    1.,  -41.,    6.,   -4., -111.,   11., 1975
     6             71.,  -56.,  -77.,    1.,  -26.,   16.,   -5.,  -14., 1975
     7             10.,    0.,   22.,   12.,  -23.,   -5.,  -12.,   14., 1975
     8              6.,    6.,   -1.,  -16.,  -12.,    4.,   -8.,  -19., 1975
     9              4.,    6.,    0.,   18.,   10.,  -10.,    1.,  -17., 1975
     a              7.,   10.,  -21.,    2.,   16.,  -12.,    7.,   10., 1975
     b             -4.,   -1.,   -5.,   -1.,   10.,    4.,   11.,    1., 1975
     c             -3.,   -2.,    1.,   -3.,   -3.,    1.,    2.,    1., 1975
     d             -5.,    3.,   -2.,    4.,    5.,   -4.,    4.,   -1., 1975
     e              1.,   -1.,    0.,    3.,    3.,    1.,   -1.,   -5., 1975
     0         -29992.,-1956., 5604.,-1997., 3027.,-2129., 1663., -200., 1980
     1           1281.,-2180., -336., 1251.,  271.,  833., -252.,  938., 1980
     2            782.,  212.,  398., -257., -419.,   53.,  199., -297., 1980
     3           -218.,  357.,   46.,  261.,  150.,  -74., -151., -162., 1980
     4            -78.,  -48.,   92.,   48.,   66.,  -15.,   42.,   93., 1980
     5           -192.,   71.,    4.,  -43.,   14.,   -2., -108.,   17., 1980
     6             72.,  -59.,  -82.,    2.,  -27.,   21.,   -5.,  -12., 1980
     7             16.,    1.,   18.,   11.,  -23.,   -2.,  -10.,   18., 1980
     8              6.,    7.,    0.,  -18.,  -11.,    4.,   -7.,  -22., 1980
     9              4.,    9.,    3.,   16.,    6.,  -13.,   -1.,  -15., 1980
     a              5.,   10.,  -21.,    1.,   16.,  -12.,    9.,    9., 1980
     b             -5.,   -3.,   -6.,   -1.,    9.,    7.,   10.,    2., 1980
     c             -6.,   -5.,    2.,   -4.,   -4.,    1.,    2.,    0., 1980
     d             -5.,    3.,   -2.,    6.,    5.,   -4.,    3.,    0., 1980
     e              1.,   -1.,    2.,    4.,    3.,    0.,    0.,   -6., 1980
     0         -29873.,-1905., 5500.,-2072., 3044.,-2197., 1687., -306., 1985
     1           1296.,-2208., -310., 1247.,  284.,  829., -297.,  936., 1985
     2            780.,  232.,  361., -249., -424.,   69.,  170., -297., 1985
     3           -214.,  355.,   47.,  253.,  150.,  -93., -154., -164., 1985
     4            -75.,  -46.,   95.,   53.,   65.,  -16.,   51.,   88., 1985
     5           -185.,   69.,    4.,  -48.,   16.,   -1., -102.,   21., 1985
     6             74.,  -62.,  -83.,    3.,  -27.,   24.,   -2.,   -6., 1985
     7             20.,    4.,   17.,   10.,  -23.,    0.,   -7.,   21., 1985
     8              6.,    8.,    0.,  -19.,  -11.,    5.,   -9.,  -23., 1985
     9              4.,   11.,    4.,   14.,    4.,  -15.,   -4.,  -11., 1985
     a              5.,   10.,  -21.,    1.,   15.,  -12.,    9.,    9., 1985
     b             -6.,   -3.,   -6.,   -1.,    9.,    7.,    9.,    1., 1985
     c             -7.,   -5.,    2.,   -4.,   -4.,    1.,    3.,    0., 1985
     d             -5.,    3.,   -2.,    6.,    5.,   -4.,    3.,    0., 1985
     e              1.,   -1.,    2.,    4.,    3.,    0.,    0.,   -6., 1985
     0         -29775.,-1848., 5406.,-2131., 3059.,-2279., 1686., -373., 1990
     1           1314.,-2239., -284., 1248.,  293.,  802., -352.,  939., 1990
     2            780.,  247.,  325., -240., -423.,   84.,  141., -299., 1990
     3           -214.,  353.,   46.,  245.,  154., -109., -153., -165., 1990
     4            -69.,  -36.,   97.,   61.,   65.,  -16.,   59.,   82., 1990
     5           -178.,   69.,    3.,  -52.,   18.,    1.,  -96.,   24., 1990
     6             77.,  -64.,  -80.,    2.,  -26.,   26.,    0.,   -1., 1990
     7             21.,    5.,   17.,    9.,  -23.,    0.,   -4.,   23., 1990
     8              5.,   10.,   -1.,  -19.,  -10.,    6.,  -12.,  -22., 1990
     9              3.,   12.,    4.,   12.,    2.,  -16.,   -6.,  -10., 1990
     a              4.,    9.,  -20.,    1.,   15.,  -12.,   11.,    9., 1990
     b             -7.,   -4.,   -7.,   -2.,    9.,    7.,    8.,    1., 1990
     c             -7.,   -6.,    2.,   -3.,   -4.,    2.,    2.,    1., 1990
     d             -5.,    3.,   -2.,    6.,    4.,   -4.,    3.,    0., 1990
     e              1.,   -2.,    3.,    3.,    3.,   -1.,    0.,   -6., 1990
     0         -29692.,-1784., 5306.,-2200., 3070.,-2366., 1681., -413., 1995
     1           1335.,-2267., -262., 1249.,  302.,  759., -427.,  940., 1995
     2            780.,  262.,  290., -236., -418.,   97.,  122., -306., 1995
     3           -214.,  352.,   46.,  235.,  165., -118., -143., -166., 1995
     4            -55.,  -17.,  107.,   68.,   67.,  -17.,   68.,   72., 1995
     5           -170.,   67.,   -1.,  -58.,   19.,    1.,  -93.,   36., 1995
     6             77.,  -72.,  -69.,    1.,  -25.,   28.,    4.,    5., 1995
     7             24.,    4.,   17.,    8.,  -24.,   -2.,   -6.,   25., 1995
     8              6.,   11.,   -6.,  -21.,   -9.,    8.,  -14.,  -23., 1995
     9              9.,   15.,    6.,   11.,   -5.,  -16.,   -7.,   -4., 1995
     a              4.,    9.,  -20.,    3.,   15.,  -10.,   12.,    8., 1995
     b             -6.,   -8.,   -8.,   -1.,    8.,   10.,    5.,   -2., 1995
     c             -8.,   -8.,    3.,   -3.,   -6.,    1.,    2.,    0., 1995
     d             -4.,    4.,   -1.,    5.,    4.,   -5.,    2.,   -1., 1995
     e              2.,   -2.,    5.,    1.,    1.,   -2.,    0.,   -7., 1995
     

